    <?xml version="1.0"?>
<opencv_storage>
<camera_matrix type_id="opencv-matrix">
  <rows>3</rows>
  <cols>3</cols>
  <dt>d</dt>
  <data>
    4.2114352631580738e+02 0. 3.5081857416125632e+02 0.
    4.1893842292009890e+02 2.6528831075036589e+02 0. 0. 1.</data></camera_matrix>
<distortion_coefficients type_id="opencv-matrix">
  <rows>1</rows>
  <cols>5</cols>
  <dt>d</dt>
  <data>
    -4.1210427812911604e-01 1.9767650680744608e-01
    -4.7286806289071557e-04 -7.8009727273818685e-04
    -5.0766054585383948e-02</data></distortion_coefficients>
</opencv_storage>
