<?xml version="1.0"?>
<opencv_storage>
<R1 type_id="opencv-matrix">
  <rows>3</rows>
  <cols>3</cols>
  <dt>d</dt>
  <data>
    9.9997312067431487e-01 7.0149890261787078e-03
    -2.1325707103816119e-03 -7.0111191544036527e-03
    9.9997377148235111e-01 1.8167431203499501e-03 2.1452592092657393e-03
    -1.8017425801642513e-03 9.9999607578560012e-01</data></R1>
<R2 type_id="opencv-matrix">
  <rows>3</rows>
  <cols>3</cols>
  <dt>d</dt>
  <data>
    9.9987551650346218e-01 1.3541447452645133e-02 8.0981910215834445e-03
    -1.3526773139277908e-02 9.9990677145027562e-01
    -1.8640859220373774e-03 -8.1226784605395938e-03
    1.7543114813164621e-03 9.9996547164682292e-01</data></R2>
<P1 type_id="opencv-matrix">
  <rows>3</rows>
  <cols>4</cols>
  <dt>d</dt>
  <data>
    4.2010979928730421e+02 0. 3.1755496215820312e+02 0. 0.
    4.2010979928730421e+02 2.4748901176452637e+02 0. 0. 0. 1. 0.</data></P1>
<P2 type_id="opencv-matrix">
  <rows>3</rows>
  <cols>4</cols>
  <dt>d</dt>
  <data>
    4.2010979928730421e+02 0. 3.1755496215820312e+02
    -1.0314054607940836e+03 0. 4.2010979928730421e+02
    2.4748901176452637e+02 0. 0. 0. 1. 0.</data></P2>
<Q type_id="opencv-matrix">
  <rows>4</rows>
  <cols>4</cols>
  <dt>d</dt>
  <data>
    1. 0. 0. -3.1755496215820312e+02 0. 1. 0. -2.4748901176452637e+02 0.
    0. 0. 4.2010979928730421e+02 0. 0. 4.0731779620776859e-01 0.</data></Q>
</opencv_storage>
