<?xml version="1.0"?>
<opencv_storage>
<R1 type_id="opencv-matrix">
  <rows>3</rows>
  <cols>3</cols>
  <dt>d</dt>
  <data>
    5.4768140679766431e-01 4.8924695718315109e-01
    -6.7873595126172537e-01 -4.5600908163492093e-01
    8.5468905568703346e-01 2.4811758413156276e-01 7.0149896230472608e-01
    1.7362037027905169e-01 6.9119836003100987e-01</data></R1>
<R2 type_id="opencv-matrix">
  <rows>3</rows>
  <cols>3</cols>
  <dt>d</dt>
  <data>
    7.2509965873344262e-01 4.3515050252779186e-01
    -5.3373638161029946e-01 -4.5903300580415518e-01
    8.8317055585060344e-01 9.6428568696930742e-02 5.1334119695096303e-01
    1.7508229330331054e-01 8.4013511180321832e-01</data></R2>
<P1 type_id="opencv-matrix">
  <rows>3</rows>
  <cols>4</cols>
  <dt>d</dt>
  <data>
    2.0996921146004945e+02 0. 3.8980167245864868e+02 0. 0.
    2.0996921146004945e+02 8.4876863479614258e+01 0. 0. 0. 1. 0.</data></P1>
<P2 type_id="opencv-matrix">
  <rows>3</rows>
  <cols>4</cols>
  <dt>d</dt>
  <data>
    2.0996921146004945e+02 0. 3.8980167245864868e+02
    -3.9648487724742467e+03 0. 2.0996921146004945e+02
    8.4876863479614258e+01 0. 0. 0. 1. 0.</data></P2>
<Q type_id="opencv-matrix">
  <rows>4</rows>
  <cols>4</cols>
  <dt>d</dt>
  <data>
    1. 0. 0. -3.8980167245864868e+02 0. 1. 0. -8.4876863479614258e+01 0.
    0. 0. 2.0996921146004945e+02 0. 0. 5.2957684771673917e-02 0.</data></Q>
</opencv_storage>
