<?xml version="1.0"?>
<opencv_storage>
<Translation_vector type_id="opencv-matrix">
  <rows>3</rows>
  <cols>1</cols>
  <dt>d</dt>
  <data>
    -2.4547798446631970e+00 -3.3245410779299066e-02
    -1.9881751047903917e-02</data></Translation_vector>
<Rotation_matrix type_id="opencv-matrix">
  <rows>3</rows>
  <cols>3</cols>
  <dt>d</dt>
  <data>
    9.9992605309129179e-01 -6.4976676006197010e-03
    -1.0279526497993869e-02 6.5343814026109356e-03
    9.9997237766545743e-01 3.5420002508394395e-03 1.0256227813202737e-02
    -3.6089086776463783e-03 9.9994089103766537e-01</data></Rotation_matrix>
<Fundamental_matrix type_id="opencv-matrix">
  <rows>3</rows>
  <cols>3</cols>
  <dt>d</dt>
  <data>
    -4.2528490750831650e-08 4.0503708166498566e-06
    -3.9053646651181235e-03 1.0728722275123718e-06
    -1.7771656261855211e-06 2.1064179760875335e-01
    1.1901228561836024e-03 -2.1031638871849828e-01
    9.9999999999999989e-01</data></Fundamental_matrix>
<Essential_matrix type_id="opencv-matrix">
  <rows>3</rows>
  <cols>3</cols>
  <dt>d</dt>
  <data>
    -2.1105756239723334e-04 2.0001181518978509e-02
    -3.3173024510366710e-02 5.2965004642499570e-03
    -8.7298912734888878e-03 2.4548391201605426e+00
    1.7202484619471846e-02 -2.4549280555415893e+00
    -9.0365779065951397e-03</data></Essential_matrix>
</opencv_storage>
