<?xml version="1.0"?>
<opencv_storage>
<Translation_vector type_id="opencv-matrix">
  <rows>3</rows>
  <cols>1</cols>
  <dt>d</dt>
  <data>
    -1.3692057382411946e+01 -8.2169472552271756e+00
    1.0078544481532646e+01</data></Translation_vector>
<Rotation_matrix type_id="opencv-matrix">
  <rows>3</rows>
  <cols>3</cols>
  <dt>d</dt>
  <data>
    9.6655513754987477e-01 5.1548804124062077e-02
    -2.5122477359791145e-01 -4.1589907637100694e-02
    9.9813012026161219e-01 4.4794448420279076e-02 2.5306411373144205e-01
    -3.2847889124244953e-02 9.6689170568445826e-01</data></Rotation_matrix>
<Fundamental_matrix type_id="opencv-matrix">
  <rows>3</rows>
  <cols>3</cols>
  <dt>d</dt>
  <data>
    1.6004024396593156e-03 9.4369009444602858e-03 8.0937008297541895e-03
    -1.2797397368167998e-02 -6.7620398997785244e-05
    -1.0375138749184519e-02 -6.2183692461525697e-01
    2.0834150483069074e+00 1.</data></Fundamental_matrix>
<Essential_matrix type_id="opencv-matrix">
  <rows>3</rows>
  <cols>3</cols>
  <dt>d</dt>
  <data>
    -1.6602487406187170e+00 -9.7897894430347154e+00
    -8.3963609880553332e+00 1.3206437314290445e+01
    6.9781732553905948e-02 1.0706756661240247e+01 8.5115839864125640e+00
    -1.3242881077178275e+01 -2.6776288720443806e+00</data></Essential_matrix>
</opencv_storage>
